ScanningMode	2Theta/Theta
ScanningType	Continuos Scanning
X-Ray	40kV/17mA
DivSlit	1/2deg.
DivH.L.Slit	10mm
SctSlit	1/2deg.
RecSlit	0.45mm
Monochro RS	0.8mm
Start	10
Stop	80
Step	0.05

10	28
10.05	25
10.1	27
10.15	22
10.2	18
10.25	22
10.3	17
10.35	18
10.4	20
10.45	22
10.5	17
10.55	20
10.6	16
10.65	18
10.7	11
10.75	16
10.8	30
10.85	20
10.9	23
10.95	15
11	23
11.05	16
11.1	28
11.15	20
11.2	17
11.25	11
11.3	22
11.35	14
11.4	20
11.45	16
11.5	24
11.55	17
11.6	17
11.65	17
11.7	14
11.75	29
11.8	21
11.85	15
11.9	14
11.95	16
12	16
12.05	18
12.1	22
12.15	20
12.2	14
12.25	18
12.3	13
12.35	12
12.4	15
12.45	16
12.5	25
12.55	20
12.6	18
12.65	20
12.7	12
12.75	14
12.8	16
12.85	23
12.9	9
12.95	24
13	17
13.05	21
13.1	14
13.15	18
13.2	17
13.25	15
13.3	18
13.35	17
13.4	19
13.45	16
13.5	18
13.55	10
13.6	14
13.65	17
13.7	18
13.75	18
13.8	13
13.85	20
13.9	12
13.95	13
14	13
14.05	15
14.1	17
14.15	21
14.2	14
14.25	10
14.3	12
14.35	12
14.4	21
14.45	13
14.5	14
14.55	13
14.6	16
14.65	17
14.7	20
14.75	22
14.8	15
14.85	8
14.9	13
14.95	15
15	19
15.05	16
15.1	14
15.15	17
15.2	15
15.25	20
15.3	15
15.35	18
15.4	16
15.45	10
15.5	17
15.55	19
15.6	20
15.65	19
15.7	23
15.75	19
15.8	9
15.85	15
15.9	17
15.95	17
16	19
16.05	18
16.1	9
16.15	25
16.2	25
16.25	18
16.3	16
16.35	11
16.4	14
16.45	20
16.5	12
16.55	17
16.6	17
16.65	20
16.7	15
16.75	15
16.8	19
16.85	20
16.9	23
16.95	12
17	15
17.05	16
17.1	19
17.15	11
17.2	17
17.25	15
17.3	20
17.35	18
17.4	14
17.45	10
17.5	31
17.55	13
17.6	23
17.65	24
17.7	13
17.75	23
17.8	20
17.85	19
17.9	28
17.95	21
18	24
18.05	22
18.1	21
18.15	29
18.2	16
18.25	19
18.3	28
18.35	19
18.4	25
18.45	33
18.5	23
18.55	20
18.6	28
18.65	32
18.7	16
18.75	15
18.8	21
18.85	16
18.9	27
18.95	16
19	21
19.05	22
19.1	23
19.15	17
19.2	22
19.25	27
19.3	29
19.35	29
19.4	24
19.45	32
19.5	23
19.55	30
19.6	19
19.65	20
19.7	23
19.75	25
19.8	31
19.85	33
19.9	30
19.95	17
20	23
20.05	33
20.1	24
20.15	27
20.2	27
20.25	28
20.3	25
20.35	26
20.4	30
20.45	28
20.5	30
20.55	25
20.6	26
20.65	24
20.7	43
20.75	37
20.8	26
20.85	20
20.9	35
20.95	27
21	39
21.05	27
21.1	27
21.15	28
21.2	36
21.25	35
21.3	34
21.35	20
21.4	30
21.45	31
21.5	33
21.55	39
21.6	34
21.65	21
21.7	28
21.75	32
21.8	26
21.85	33
21.9	31
21.95	37
22	34
22.05	35
22.1	42
22.15	27
22.2	37
22.25	25
22.3	28
22.35	31
22.4	46
22.45	24
22.5	32
22.55	39
22.6	28
22.65	39
22.7	42
22.75	33
22.8	38
22.85	31
22.9	37
22.95	45
23	32
23.05	35
23.1	32
23.15	35
23.2	34
23.25	46
23.3	33
23.35	34
23.4	36
23.45	35
23.5	44
23.55	32
23.6	41
23.65	40
23.7	31
23.75	33
23.8	40
23.85	42
23.9	28
23.95	39
24	25
24.05	39
24.1	31
24.15	45
24.2	46
24.25	44
24.3	51
24.35	40
24.4	40
24.45	38
24.5	36
24.55	42
24.6	47
24.65	33
24.7	46
24.75	42
24.8	33
24.85	43
24.9	31
24.95	34
25	38
25.05	42
25.1	37
25.15	39
25.2	31
25.25	36
25.3	31
25.35	43
25.4	34
25.45	58
25.5	36
25.55	40
25.6	47
25.65	33
25.7	44
25.75	41
25.8	48
25.85	49
25.9	56
25.95	33
26	50
26.05	47
26.1	52
26.15	53
26.2	49
26.25	87
26.3	106
26.35	116
26.4	182
26.45	243
26.5	283
26.55	262
26.6	160
26.65	121
26.7	88
26.75	76
26.8	66
26.85	62
26.9	52
26.95	57
27	58
27.05	52
27.1	48
27.15	50
27.2	43
27.25	37
27.3	44
27.35	46
27.4	40
27.45	45
27.5	27
27.55	46
27.6	41
27.65	65
27.7	51
27.75	46
27.8	35
27.85	28
27.9	37
27.95	38
28	30
28.05	53
28.1	48
28.15	40
28.2	44
28.25	37
28.3	32
28.35	39
28.4	42
28.45	39
28.5	42
28.55	49
28.6	44
28.65	45
28.7	49
28.75	38
28.8	41
28.85	38
28.9	33
28.95	38
29	23
29.05	33
29.1	46
29.15	50
29.2	58
29.25	47
29.3	53
29.35	51
29.4	46
29.45	44
29.5	43
29.55	51
29.6	50
29.65	42
29.7	61
29.75	57
29.8	53
29.85	76
29.9	70
29.95	67
30	81
30.05	62
30.1	52
30.15	49
30.2	62
30.25	50
30.3	41
30.35	53
30.4	40
30.45	45
30.5	54
30.55	45
30.6	41
30.65	28
30.7	41
30.75	29
30.8	36
30.85	40
30.9	39
30.95	38
31	41
31.05	35
31.1	41
31.15	31
31.2	42
31.25	38
31.3	46
31.35	48
31.4	29
31.45	37
31.5	30
31.55	40
31.6	38
31.65	39
31.7	42
31.75	30
31.8	42
31.85	37
31.9	52
31.95	32
32	37
32.05	31
32.1	41
32.15	36
32.2	39
32.25	42
32.3	41
32.35	40
32.4	38
32.45	40
32.5	35
32.55	34
32.6	34
32.65	35
32.7	34
32.75	56
32.8	39
32.85	39
32.9	35
32.95	28
33	34
33.05	38
33.1	35
33.15	31
33.2	42
33.25	32
33.3	42
33.35	36
33.4	53
33.45	54
33.5	64
33.55	70
33.6	99
33.65	151
33.7	156
33.75	152
33.8	122
33.85	76
33.9	66
33.95	77
34	37
34.05	38
34.1	40
34.15	42
34.2	35
34.25	49
34.3	41
34.35	28
34.4	41
34.45	32
34.5	34
34.55	43
34.6	34
34.65	37
34.7	45
34.75	41
34.8	46
34.85	47
34.9	40
34.95	52
35	52
35.05	55
35.1	64
35.15	72
35.2	79
35.25	68
35.3	64
35.35	72
35.4	51
35.45	62
35.5	58
35.55	44
35.6	51
35.65	52
35.7	44
35.75	31
35.8	29
35.85	34
35.9	33
35.95	34
36	19
36.05	29
36.1	39
36.15	26
36.2	23
36.25	33
36.3	33
36.35	26
36.4	36
36.45	28
36.5	30
36.55	26
36.6	21
36.65	28
36.7	25
36.75	33
36.8	32
36.85	31
36.9	28
36.95	26
37	32
37.05	33
37.1	30
37.15	36
37.2	29
37.25	26
37.3	31
37.35	42
37.4	52
37.45	37
37.5	61
37.55	68
37.6	110
37.65	167
37.7	214
37.75	279
37.8	199
37.85	173
37.9	129
37.95	79
38	57
38.05	62
38.1	46
38.15	32
38.2	21
38.25	23
38.3	32
38.35	25
38.4	35
38.45	31
38.5	32
38.55	18
38.6	17
38.65	23
38.7	26
38.75	23
38.8	22
38.85	26
38.9	20
38.95	24
39	24
39.05	16
39.1	20
39.15	19
39.2	23
39.25	23
39.3	23
39.35	17
39.4	16
39.45	23
39.5	21
39.55	25
39.6	27
39.65	27
39.7	31
39.75	24
39.8	24
39.85	21
39.9	18
39.95	25
40	24
40.05	32
40.1	19
40.15	18
40.2	19
40.25	22
40.3	21
40.35	21
40.4	19
40.45	22
40.5	32
40.55	16
40.6	28
40.65	22
40.7	27
40.75	28
40.8	19
40.85	26
40.9	11
40.95	17
41	20
41.05	28
41.1	13
41.15	29
41.2	26
41.25	10
41.3	19
41.35	30
41.4	27
41.45	26
41.5	25
41.55	18
41.6	21
41.65	15
41.7	29
41.75	24
41.8	14
41.85	21
41.9	23
41.95	21
42	23
42.05	24
42.1	29
42.15	26
42.2	23
42.25	35
42.3	22
42.35	37
42.4	25
42.45	26
42.5	29
42.55	26
42.6	16
42.65	26
42.7	35
42.75	28
42.8	23
42.85	27
42.9	32
42.95	17
43	25
43.05	31
43.1	23
43.15	28
43.2	30
43.25	17
43.3	24
43.35	30
43.4	24
43.45	19
43.5	29
43.55	15
43.6	23
43.65	24
43.7	18
43.75	24
43.8	28
43.85	21
43.9	19
43.95	15
44	13
44.05	22
44.1	18
44.15	16
44.2	21
44.25	23
44.3	24
44.35	23
44.4	18
44.45	27
44.5	22
44.55	25
44.6	34
44.65	18
44.7	22
44.75	29
44.8	19
44.85	23
44.9	16
44.95	15
45	20
45.05	26
45.1	21
45.15	17
45.2	24
45.25	16
45.3	20
45.35	16
45.4	20
45.45	28
45.5	19
45.55	24
45.6	29
45.65	20
45.7	18
45.75	25
45.8	18
45.85	26
45.9	25
45.95	19
46	24
46.05	19
46.1	23
46.15	19
46.2	17
46.25	25
46.3	15
46.35	18
46.4	23
46.45	17
46.5	22
46.55	18
46.6	19
46.65	20
46.7	16
46.75	16
46.8	20
46.85	23
46.9	20
46.95	20
47	22
47.05	20
47.1	25
47.15	16
47.2	25
47.25	16
47.3	17
47.35	23
47.4	20
47.45	29
47.5	24
47.55	18
47.6	30
47.65	22
47.7	26
47.75	23
47.8	13
47.85	24
47.9	13
47.95	21
48	26
48.05	23
48.1	22
48.15	22
48.2	19
48.25	17
48.3	19
48.35	16
48.4	23
48.45	24
48.5	13
48.55	22
48.6	20
48.65	20
48.7	28
48.75	29
48.8	23
48.85	22
48.9	22
48.95	23
49	19
49.05	17
49.1	26
49.15	17
49.2	21
49.25	22
49.3	13
49.35	17
49.4	28
49.45	26
49.5	18
49.55	27
49.6	28
49.65	27
49.7	24
49.75	19
49.8	16
49.85	22
49.9	17
49.95	25
50	17
50.05	22
50.1	19
50.15	27
50.2	12
50.25	19
50.3	19
50.35	22
50.4	20
50.45	30
50.5	22
50.55	26
50.6	14
50.65	18
50.7	22
50.75	23
50.8	19
50.85	28
50.9	22
50.95	24
51	21
51.05	31
51.1	31
51.15	27
51.2	31
51.25	48
51.3	48
51.35	78
51.4	122
51.45	212
51.5	287
51.55	231
51.6	231
51.65	182
51.7	129
51.75	88
51.8	42
51.85	60
51.9	33
51.95	36
52	32
52.05	32
52.1	26
52.15	23
52.2	19
52.25	24
52.3	21
52.35	20
52.4	30
52.45	28
52.5	18
52.55	18
52.6	18
52.65	18
52.7	14
52.75	15
52.8	21
52.85	26
52.9	21
52.95	23
53	23
53.05	20
53.1	20
53.15	24
53.2	39
53.25	24
53.3	25
53.35	21
53.4	28
53.45	27
53.5	24
53.55	22
53.6	9
53.65	24
53.7	27
53.75	21
53.8	21
53.85	24
53.9	29
53.95	22
54	18
54.05	33
54.1	17
54.15	31
54.2	19
54.25	22
54.3	25
54.35	27
54.4	32
54.45	28
54.5	59
54.55	41
54.6	47
54.65	32
54.7	30
54.75	32
54.8	35
54.85	26
54.9	20
54.95	22
55	28
55.05	27
55.1	23
55.15	27
55.2	21
55.25	14
55.3	23
55.35	25
55.4	23
55.45	20
55.5	17
55.55	15
55.6	31
55.65	18
55.7	22
55.75	25
55.8	24
55.85	20
55.9	25
55.95	19
56	16
56.05	24
56.1	24
56.15	26
56.2	14
56.25	19
56.3	25
56.35	28
56.4	24
56.45	30
56.5	27
56.55	27
56.6	21
56.65	23
56.7	23
56.75	25
56.8	23
56.85	24
56.9	20
56.95	31
57	27
57.05	28
57.1	17
57.15	24
57.2	23
57.25	20
57.3	34
57.35	15
57.4	18
57.45	23
57.5	25
57.55	23
57.6	25
57.65	21
57.7	18
57.75	26
57.8	27
57.85	23
57.9	25
57.95	22
58	16
58.05	30
58.1	22
58.15	18
58.2	15
58.25	21
58.3	15
58.35	23
58.4	18
58.45	36
58.5	17
58.55	15
58.6	21
58.65	22
58.7	21
58.75	16
58.8	24
58.85	20
58.9	20
58.95	21
59	17
59.05	21
59.1	19
59.15	21
59.2	25
59.25	16
59.3	22
59.35	25
59.4	25
59.45	17
59.5	25
59.55	15
59.6	33
59.65	23
59.7	14
59.75	18
59.8	25
59.85	24
59.9	22
59.95	20
60	27
60.05	18
60.1	27
60.15	16
60.2	16
60.25	19
60.3	25
60.35	24
60.4	21
60.45	27
60.5	23
60.55	19
60.6	27
60.65	20
60.7	18
60.75	19
60.8	21
60.85	19
60.9	20
60.95	24
61	30
61.05	26
61.1	26
61.15	15
61.2	36
61.25	33
61.3	33
61.35	40
61.4	32
61.45	62
61.5	59
61.55	48
61.6	60
61.65	62
61.7	52
61.75	69
61.8	53
61.85	47
61.9	43
61.95	39
62	35
62.05	46
62.1	50
62.15	25
62.2	37
62.25	45
62.3	42
62.35	41
62.4	39
62.45	37
62.5	25
62.55	26
62.6	31
62.65	27
62.7	29
62.75	33
62.8	22
62.85	35
62.9	32
62.95	20
63	25
63.05	17
63.1	16
63.15	19
63.2	17
63.25	24
63.3	20
63.35	21
63.4	20
63.45	23
63.5	13
63.55	25
63.6	20
63.65	20
63.7	23
63.75	17
63.8	23
63.85	17
63.9	29
63.95	25
64	19
64.05	18
64.1	20
64.15	19
64.2	30
64.25	29
64.3	20
64.35	22
64.4	20
64.45	18
64.5	23
64.55	19
64.6	22
64.65	28
64.7	15
64.75	24
64.8	27
64.85	31
64.9	16
64.95	26
65	20
65.05	27
65.1	32
65.15	29
65.2	24
65.25	33
65.3	44
65.35	53
65.4	81
65.45	110
65.5	154
65.55	135
65.6	100
65.65	119
65.7	106
65.75	89
65.8	68
65.85	53
65.9	34
65.95	43
66	40
66.05	34
66.1	34
66.15	19
66.2	24
66.25	25
66.3	32
66.35	29
66.4	15
66.45	22
66.5	18
66.55	18
66.6	27
66.65	15
66.7	18
66.75	23
66.8	29
66.85	18
66.9	23
66.95	17
67	13
67.05	21
67.1	30
67.15	19
67.2	14
67.25	28
67.3	17
67.35	18
67.4	15
67.45	24
67.5	17
67.55	21
67.6	24
67.65	17
67.7	15
67.75	21
67.8	18
67.85	23
67.9	16
67.95	16
68	21
68.05	22
68.1	23
68.15	13
68.2	18
68.25	18
68.3	23
68.35	11
68.4	23
68.45	16
68.5	19
68.55	25
68.6	22
68.65	23
68.7	21
68.75	26
68.8	30
68.85	13
68.9	21
68.95	17
69	23
69.05	19
69.1	17
69.15	26
69.2	16
69.25	18
69.3	22
69.35	24
69.4	23
69.45	22
69.5	14
69.55	28
69.6	19
69.65	17
69.7	18
69.75	20
69.8	22
69.85	15
69.9	15
69.95	22
70	21
70.05	15
70.1	14
70.15	19
70.2	17
70.25	14
70.3	14
70.35	21
70.4	14
70.45	26
70.5	15
70.55	23
70.6	22
70.65	13
70.7	23
70.75	17
70.8	22
70.85	35
70.9	18
70.95	37
71	26
71.05	14
71.1	15
71.15	24
71.2	24
71.25	17
71.3	24
71.35	21
71.4	25
71.45	21
71.5	20
71.55	17
71.6	15
71.65	14
71.7	20
71.75	17
71.8	17
71.85	17
71.9	16
71.95	22
72	19
72.05	20
72.1	10
72.15	21
72.2	12
72.25	18
72.3	23
72.35	13
72.4	20
72.45	11
72.5	17
72.55	25
72.6	15
72.65	18
72.7	12
72.75	24
72.8	13
72.85	16
72.9	22
72.95	18
73	19
73.05	23
73.1	21
73.15	15
73.2	19
73.25	13
73.3	18
73.35	19
73.4	15
73.45	24
73.5	20
73.55	19
73.6	18
73.65	21
73.7	16
73.75	18
73.8	14
73.85	18
73.9	17
73.95	12
74	20
74.05	15
74.1	13
74.15	23
74.2	15
74.25	16
74.3	16
74.35	21
74.4	26
74.45	16
74.5	23
74.55	23
74.6	12
74.65	16
74.7	21
74.75	12
74.8	23
74.85	16
74.9	14
74.95	11
75	11
75.05	20
75.1	7
75.15	12
75.2	22
75.25	14
75.3	17
75.35	13
75.4	12
75.45	15
75.5	17
75.55	19
75.6	15
75.65	16
75.7	10
75.75	20
75.8	15
75.85	19
75.9	11
75.95	14
76	23
76.05	24
76.1	12
76.15	18
76.2	12
76.25	17
76.3	8
76.35	16
76.4	20
76.45	13
76.5	13
76.55	20
76.6	22
76.65	13
76.7	14
76.75	16
76.8	14
76.85	16
76.9	17
76.95	15
77	20
77.05	20
77.1	14
77.15	17
77.2	12
77.25	17
77.3	22
77.35	18
77.4	16
77.45	10
77.5	17
77.55	20
77.6	20
77.65	21
77.7	19
77.75	14
77.8	13
77.85	14
77.9	15
77.95	14
78	16
78.05	17
78.1	24
78.15	24
78.2	29
78.25	29
78.3	35
78.35	44
78.4	43
78.45	29
78.5	26
78.55	25
78.6	28
78.65	21
78.7	19
78.75	17
78.8	15
78.85	10
78.9	17
78.95	20
79	20
79.05	19
79.1	14
79.15	15
79.2	21
79.25	16
79.3	13
79.35	15
79.4	20
79.45	19
79.5	12
79.55	13
79.6	18
79.65	17
79.7	18
79.75	24
79.8	13
79.85	18
79.9	23
79.95	19
80	12
